658
286
85
313
698
376
888
429
105
650
758
94
920
784
404
751
976
268
921
466
365
636
469
365
706
567
617
734
204
874
968
163
688
86
797
524
693
76
611
106
566
568
339
341
317
865
632
16
185
646
941
127
162
84
67
833
897
92
630
622
679
172
829
470
240
784
350
75
252
633
590
110
881
404
727
940
124
88
121
822
950
977
889
168
296
765
401
485
791
784
329
591
791
784
605
403
104
719
741
168
21
926
113
54
390
932
752
740
439
923
795
444
897
314
136
594
351
959
85
42
432
986
264
66
569
111
572
802
428
668
527
462
862
360
502
909
678
570
609
624
356
870
402
412
745
34
852
651
357
594
569
948
921
189
729
497
828
431
62
195
37
404
524
187
998
378
129
73
44
697
527
349
183
90
933
743
612
607
702
986
768
868
825
173
443
32
509
518
734
112
643
815
918
82
514
129
892
702
361
307
330
862
670
12
900
817
415
235
346
966
794
52
353
33
616
969
435
411
785
696
268
281
620
730
819
824
267
165
399
820
225
626
832
917
399
11
255
593
90
231
828
685
982
918
674
80
343
16
284
210
932
56
97
692
984
965
41
357
861
44
595
305
653
54
793
270
778
883
57
94
44
170
425
461
258
479
375
883
130
931
268
870
690
793
688
537
772
271
453
470
409
656
479
342
630
73
219
713
685
39
533
75
61
314
604
282
329
667
640
157
452
587
497
798
959
604
397
319
357
566
499
971
371
772
287
363
213
850
347
228
677
776
861
457
909
476
374
855
25
179
590
581
285
20
42
139
390
529
503
724
552
828
615
259
350
512
254
95
542
849
260
986
992
54
929
462
743
34
770
126
35
926
111
644
44
211
591
735
531
959
326
42
298
295
795
255
756
98
831
895
200
926
115
143
135
946
958
213
825
259
745
16
335
368
543
145
766
563
885
75
915
265
225
21
227
915
994
944
353
682
630
249
840
898
488
578
223
890
297
913
702
208
817
500
844
19
561
221
207
897
193
757
874
205
113
704
538
112
435
509
127
321
730
184
791
534
334
632
419
668
910
724
967
647
36
143
924
800
301
899
613
109
460
254
574
942
320
789
606
568
856
187
621
473
715
977
634
423
829
216
975
282
198
528
244
240
258
892
651
93
969
927
350
145
551
323
388
304
446
846
81
603
841
604
858
293
486
262
555
116
47
494
219
156
575
972
30
33
168
716
188
566
196
562
219
32
385
490
700
830
206
383
162
631
999
386
851
656
484
281
368
794
374
108
965
842
726
746
853
307
797
1000
197
70
628
260
122
463
597
147
251
406
756
805
345
212
534
24
292
728
264
570
446
436
264
605
959
261
761
442
980
205
930
693
21
115
844
500
377
923
981
769
881
601
433
380
163
59
577
838
751
613
536
160
729
848
217
764
593
194
981
426
477
343
308
255
65
645
229
304
970
126
138
218
132
840
917
684
963
38
356
126
826
608
547
613
347
798
307
132
952
421
162
391
610
220
959
519
769
