985
785
630
667
688
383
400
590
148
429
440
70
166
917
286
391
365
881
433
23
875
284
189
841
21
77
896
943
575
709
841
208
169
677
607
317
462
539
35
47
364
495
720
477
864
594
420
162
842
993
858
543
118
956
819
124
177
148
441
299
594
261
95
629
899
551
495
242
31
411
520
217
671
772
349
988
939
781
825
929
153
638
917
200
525
748
24
385
308
241
39
236
529
823
366
979
43
522
839
26
289
766
134
89
509
340
16
900
941
959
96
996
791
622
341
509
798
853
743
648
132
410
327
684
768
586
466
414
597
334
986
288
801
533
431
215
849
204
99
914
61
901
697
639
100
446
612
284
551
623
925
899
587
959
804
173
954
414
106
274
407
611
843
778
531
497
311
671
339
228
757
914
730
104
752
203
13
839
744
970
258
687
238
248
251
181
986
82
166
677
317
904
286
386
462
746
729
75
857
305
99
591
238
75
394
159
760
548
740
562
796
790
218
671
172
269
86
644
568
871
676
983
892
33
671
375
107
867
145
546
163
742
316
248
816
828
377
996
60
696
41
81
52
22
366
212
769
241
983
389
46
285
332
600
93
873
291
25
701
696
828
284
459
603
214
973
517
597
16
484
448
548
861
849
754
450
314
646
542
532
90
876
483
246
276
605
176
854
536
676
609
370
56
185
815
566
830
37
402
280
717
937
908
590
765
591
411
676
251
609
883
960
317
570
980
371
884
509
238
512
529
908
721
62
496
569
831
147
123
872
553
300
672
487
410
774
890
685
682
616
126
736
216
187
839
587
169
215
609
400
29
167
663
537
725
834
234
16
706
772
27
143
865
70
250
511
962
10
793
850
61
775
840
742
330
855
771
287
551
829
878
144
529
600
570
590
770
652
472
965
597
204
319
672
772
991
720
114
352
287
450
566
405
98
639
881
805
788
861
516
433
433
750
752
838
33
677
279
986
381
401
53
416
794
776
594
570
659
891
206
489
79
329
874
904
141
220
486
643
521
813
606
22
434
969
81
205
76
457
393
168
897
958
895
690
45
743
607
781
80
33
296
557
639
712
959
852
983
362
376
509
627
634
733
180
495
938
805
314
335
215
139
900
773
87
582
765
471
462
661
597
896
314
208
286
606
49
849
191
204
25
879
453
508
177
118
221
157
786
444
480
255
551
428
940
493
789
703
58
158
460
455
664
524
751
18
20
324
498
36
376
402
559
475
311
307
859
130
613
390
871
482
47
699
949
996
782
562
663
799
658
641
516
958
887
280
956
418
872
149
512
615
925
712
647
807
607
607
162
433
232
21
235
108
431
123
199
21
619
383
363
979
860
595
165
632
644
757
350
776
481
634
194
928
491
951
827
793
278
418
955
897
556
991
404
577
286
694
240
135
156
758
405
656
531
256
673
965
50
488
965
508
291
164
367
316
504
722
158
361
875
193
753
882
180
683
671
911
148
626
605
941
720
898
729
735
888
454
637
197
482
86
563
91
970
900
19
619
97
422
969
169
122
960
41
152
531
16
941
127
609
344
716
272
590
85
947
342
598
403
100
503
343
857
765
362
797
14
686
65
763
436
698
152
865
697
572
274
392
166
370
123
743
112
280
433
637
101
274
504
318
978
655
85
409
790
211
797
823
46
560
534
795
497
315
604
873
578
616
290
353
909
323
446
200
428
574
536
939
629
33
558
255
867
573
25
254
823
171
476
786
251
359
235
756
212
606
564
33
48
500
914
589
123
587
613
995
669
171
341
401
289
949
254
539
167
828
96
917
372
347
185
698
896
236
852
907
389
264
328
533
411
851
436
501
461
345
969
346
212
538
842
986
705
58
304
87
349
245
59
815
413
72
567
39
573
474
794
258
155
819
143
283
16
13
514
609
912
90
589
805
505
366
605
274
368
764
833
198
296
776
968
379
372
915
363
182
688
221
149
508
111
540
443
658
307
851
937
192
861
757
819
813
24
724
833
930
430
679
220
627
340
641
529
530
776
331
287
145
691
927
666
182
947
489
736
395
651
296
756
807
594
462
33
458
26
825
429
309
697
758
339
366
706
726
304
141
746
215
114
94
347
758
691
157
557
922
462
163
984
872
940
449
344
44
682
739
153
562
810
443
735
967
451
962
57
660
42
386
717
278
221
16
468
903
596
337
290
425
845
889
533
943
179
784
362
99
339
254
383
576
257
210
45
981
734
232
626
514
169
227
852
819
982
538
630
455
895
979
155
160
214
449
975
507
375
